Step GRV Phrase Reference - Default (Green)

     Phrase 1 2 3 4 5 6 7 8 9 10 11 12 13 14 15 16
     Type 1 3 1 1 1 1 1 1 1 1 1 1 1 1 1 1
     Poly   x x x x x x x x x x x x x x x x
Note VEL                   0
   8 PIT                   0
     LEN                   0
     STA                   80
Note VEL               0 0
   7 PIT               0 0
     LEN               0 0
     STA              102 72
Note VEL               0 -50          -40     -50 -50 -50 -50 -40 -50 -50
   6 PIT               0 0             0       0 0 0 0 0 0 0
     LEN               0 0             0       0 0 0 0 0 0 0
     STA               80 60          104     120 120 128 108 120 120 120
Note VEL              -40 -40         -20     -40 -40 -40 -40 -34 -40 -40
   5 PIT               0 0             0       0 0 0 0 0 0 0
     LEN               0 0             0       0 0 0 0 0 0 0
     STA               60 48           80      84 96 96 84 108 96 84
Note VEL          -30 -30 -30 -20 -20 -17 0 -30 -30 -30 -30 -30 -30 -30
   4 PIT           0 0 0 0 0 0 0 0 0 0 0 0 0 0
     LEN           0 0 0 0 0 0 0 0 0 0 0 0 0 0
     STA           72 42 36 48 72 60 36 72 60 80 72 96 72 36
Note VEL      -20 -20 -20 -20 -30 -30 -30 -40 -20 -20 -20 -20 -20 -20 -20
   3 PIT       0 0 0 0 0 0 0 0 0 0 0 0 0 0 0
     LEN       0 0 0 0 14 14 14 0 0 0 0 0 0 0 0
     STA       48 48 26 24 36 48 36 72 36 48 48 24 24 60 24
Note VEL -10 -10 -10 -10 -10 -39 -39 -39 0 -10 -10 -10 -10 -10 -10 -10
   2 PIT    0 0 0 0 0 0 0 0 0 0 0 0 0 0 0 0
     LEN    0 0 0 0 0 0 0 0 0 0 0 0 0 0 0 0
     STA 24 24 24 12 12 12 16 12 15 24 12 32 12 12 24 12
Base VEL                       0 0 0 -30
Note PIT                       0 0 0 0
   1 LEN                       26 26 22 0
     STA                       0 0 0 0
     Phrase 1 2 3 4 5 6 7 8 9 10 11 12 13 14 15 16




     24                   Octopus Reference Manual CE v5.30                 24
