Step GRV Phrase Reference - Default (Red)

     Phrase 1 2 3 4 5 6 7 8 9 10 11 12 13 14 15 16
     Type 1 1 3 3 3 1 2 2 3 3 3 2 1 1 1 1
     Poly    x x x x x x x x x x x x x x x x
Note VEL
   8 PIT
     LEN
     STA
Note VEL                         -49             -49
   7 PIT                          0               0
     LEN                          0               0
     STA                          60             120
Note VEL             -39     -43 -43             -43 -32
   6 PIT              0       24 0                0 3
     LEN              0       0 0                 0 0
     STA             108      75 24               48 144
Note VEL       -37 0 -36 -27 -27 -27 -40 -40 -33 -27 -40      0 0 0
   5 PIT        7 0 12 8 0 0 0 12 12 0 5                      19 19 20
     LEN        0 0 0 0 0 0 0 0 0 0 0                         0 0 0
     STA        96 0 96 16 21 6 80 96 48 12 160               0 48 48
Note VEL -50 -40 -40 -40 -50 -46 -50 0 -30 -36 -50 0 0 0 0 0
   4 PIT    12 12 7 7 7 -12 12 5 7 12 12 5 12 12 12 12
     LEN    0 0 0 0 0 0 0 0 0 0 0 0 0 0 0 0
     STA 72 72 120 60 72 108 36 64 72 108 72 128 36 36 36 36
Note VEL -40 -30 -30 -30 -40 -40 -40 -21 -36 -40 -40 -21 0 0 0 0
   3 PIT    7 7 12 5 5 0 5 12 5 3 5 12 28 24 24 24
     LEN    0 0 0 0 0 0 0 0 0 0 0 0 0 0 0 0
     STA 48 48 96 48 48 72 24 37 48 72 48 78 24 24 24 24
Note VEL -20 -20 -20 -20 -20 -20 -20 -30 -10 -20 -20 -30 -20 -20 -20 -20
   2 PIT    0 5 9 2 -2 12 -7 4 5 12 -7 4 12 12 12 0
     LEN    0 0 0 0 0 0 0 0 0 0 0 0 0 0 0 0
     STA 24 24 24 12 24 36 12 36 24 36 24 64 12 12 12 12
Base VEL    0             0 0 0 0 0 0 0 0
Note PIT    12            3 0 7 -7 2 12 7 -7
   1 LEN    0             0 0 0 0 0 0 0 0
     STA    0             0 0 0 0 0 0 0 0
     Phrase 1 2 3 4 5 6 7 8 9 10 11 12 13 14 15 16




     25                  Octopus Reference Manual CE v5.30                 25
