Step GRV Phrase Reference - Default (Orange)

     Phrase   1   2   3   4 5 6 7 8 9 10 11 12 13 14 15 16
     Type     4   4   4   4 4 4 4 4 4 4 4 4 4 4 4 4
     Poly     1   1   1   1 1 1 1 1 1 1 1 1 1 1 1 1
Note VEL                  0                              0 0 0 0 0
   8 PIT                  0                              0 19 19 19 19
     LEN                  0                              0 0 0 0 0
     STA                  9                              9 0 0 0 9
Note VEL                  0         -35 -50             -35 0 0 0 -50
   7 PIT                  0          0 0                 0 12 12 12 12
     LEN                  0          0 0                 0 0 0 0 0
     STA                  7          0 0                 7 0 0 0 7
Note VEL                  0          35 50               35 0 0 0 50
   6 PIT                  0          0 0                 0 17 17 17 17
     LEN                  0          0 0                 0 0 0 0 0
     STA                  5          0 0                 5 0 0 0 5
Note VEL                  0     -20 -20 -35     -20 -20 -35 0 -20 -20 -35
   5 PIT                  0      0 0 0           0 0 0 19 19 19 19
     LEN                  0      0 0 0           0 0 0 0 0 0 0
     STA                  4      0 0 0           0 0 4 0 0 0 4
Note VEL              0   0      20 20 35        20 20 35 0 20 20 35
   4 PIT              0   0      0 0 0           0 0 0 12 12 12 12
     LEN              0   0      0 0 0           0 0 0 0 0 0 0
     STA              3   3      0 0 0           0 3 3 0 0 3 3
Note VEL          0   0   0 -10 -10 -10 -20 -10 -10 -10 -20 -10 -10 -10 -20
   3 PIT          0   0   0 0 0 0 0 0 0 0 0 24 24 24 24
     LEN          0   0   0 0 0 0 0 0 0 0 0 0 0 0 0
     STA          2   2   2 0 0 0 0 0 2 2 2 0 2 2 2
Note VEL      0   0   0   0 10 10 10 20 10 10 10 20 10 10 10 20
   2 PIT      0   0   0   0 0 0 0 0 0 0 0 0 12 12 12 12
     LEN      0   0   0   0 0 0 0 0 0 0 0 0 0 0 0 0
     STA      1   1   1   1 0 0 0 0 1 1 1 1 1 1 1 1
Base VEL
Note PIT
   1 LEN
     STA
     Phrase   1   2   3   4    5   6   7   8   9   10 11 12 13 14 15 16




     26                       Octopus Reference Manual CE v5.30               26
