Attribute Scaling Reference Chart

Expand (Red)
  9      0   4      8    12     16    32    64    96    127   127   x4
  8      0   3      6    9      12    25    51    77    103   127    x3 Lower Values
  7      0   2      5    7      10    20    40    61     81   102
  6      0   2      4    6      8     17    35    53     71   89    x2 Lower Values
  5      0   1      3    5      7     15    31    47     62   78
  4      0   1      3    5      6     13    27    40     54   68
  3      0   1      2    4      5     11    23    34     46   57
  2      0   1      2    3      4     9     19    29     39   48
Value 0      1      2    3      4     8     16    24     32   40    x1
  8      0   0      1    2      3     6     13    20     26   33
  7      0   0      1    1      2     4     8     12     16   20    /2 Lower Values
  6      0   0      0    1      1     2     5     8      11   14
  5      0   0      0    0      0     1     3     5      7     9
  4      0   0      0    0      0     1     2     3      4     5    /8
  3      0   0      0    0      0     0     0     1      1     2
  2      0   0      0    0      0     0     0     0      0     0
  1      0   0      0    0      0     0     0     0      0     0
Compress (Green)
Expand (Red)
  9    127 127     127   127    127   127   127   127   127   127   x4
  8    127 127     127   127    127   127   127   127   127   127
  7    122 127     127   127    127   127   127   127   127   127
  6    107 125     127   127    127   127   127   127   127   127
  5     94 109     125   127    127   127   127   127   127   127
  4     81 95      108   122    127   127   127   127   127   127
  3     69 80       92   103    115   126   127   127   127   127
  2     58 68       78    87     97   107   117   126   127   127
Value 48 56         64    72     80    88    96   104   112   120   x1
  8     40 47       53    60     67    73    80    87    94   100
  7     24 29       33    37     41    45    49    54    58   62    /2 Lower Value
  6     17 20       23    25     28    31    34    37    40   43
  5     11 13       15    17     19    21    23    24    26   28
  4      6   7      8     9      10    11    12    13    14   15    /8
  3      2   3      3     4      4     5     5     6     6     7
  2      0   1      1     1      1     1     1     2     2     2
  1      0   0      0     0      0     0     0     0     0     0
Compress (Green)




      55                       Octopus Reference Manual CE v5.30                       55
